0.70000  1.40000
0.31148  0.53351
0.30106  0.09861
0.42193  -0.28101
0.63125  -0.62049
0.88595  -0.92983
1.10552  -1.15412
1.14936  -1.05901
1.17722  -0.88281
1.24161  -0.71664
1.33396  -0.55137
1.44811  -0.38417
1.57808  -0.21496
1.71851  -0.04787
1.86527  0.10820
2.01574  0.24142
2.16849  0.34037
2.32180  0.39865
2.47217  0.42101
2.61442  0.42396
2.74344  0.42622
2.85640  0.43945
2.95375  0.46595
3.03854  0.49987
3.11462  0.53074
3.18446  0.55071
3.24833  0.56094
3.30556  0.56808
3.35610  0.57601
3.40065  0.58438
3.44006  0.59172
3.47490  0.59765
3.50558  0.60257
3.53245  0.60683
3.55589  0.61051
3.57623  0.61365
3.59378  0.61632
3.60880  0.61858
3.62156  0.62048
3.63226  0.62206
3.64112  0.62335
3.64832  0.62440
3.65402  0.62523
3.65837  0.62586
3.66150  0.62631
3.66354  0.62660
3.66459  0.62675
3.66475  0.62677
3.66412  0.62668
3.66277  0.62649
3.66077  0.62620
3.65819  0.62583
3.65509  0.62538
3.65152  0.62486
3.64753  0.62428
3.64316  0.62364
3.63845  0.62295
3.63344  0.62221
3.62815  0.62143
3.62262  0.62061
3.61688  0.61976
3.61094  0.61887
3.60482  0.61795
3.59855  0.61701
3.59215  0.61603
3.58562  0.61504
3.57899  0.61402
3.57226  0.61298
3.56545  0.61193
3.55857  0.61086
3.55163  0.60977
3.54464  0.60867
3.53760  0.60755
3.53052  0.60643
3.52341  0.60529
3.51628  0.60414
3.50913  0.60298
3.50196  0.60181
3.49479  0.60064
3.48761  0.59946
3.48044  0.59827
3.47326  0.59707
3.46610  0.59587
3.45894  0.59466
3.45180  0.59345
3.44467  0.59224
3.43757  0.59102
3.43049  0.58979
3.42343  0.58857
3.41640  0.58734
3.40940  0.58611
3.40243  0.58488
3.39549  0.58365
3.38859  0.58242
3.38173  0.58118
3.37490  0.57995
3.36812  0.57872
3.36138  0.57749
3.35468  0.57626
3.34803  0.57503
3.34142  0.57380
3.33487  0.57258
3.32836  0.57136
3.32191  0.57014
3.31551  0.56892
3.30916  0.56771
3.30287  0.56650
3.29663  0.56530
3.29046  0.56410
3.28434  0.56291
3.27828  0.56173
3.27229  0.56055
3.26636  0.55937
3.26049  0.55820
3.25468  0.55704
3.24895  0.55589
3.24328  0.55475
3.23767  0.55361
3.23214  0.55248
3.22667  0.55136
3.22127  0.55025
3.21595  0.54915
3.21070  0.54806
3.20552  0.54698
3.20041  0.54591
3.19537  0.54486
3.19041  0.54381
3.18553  0.54277
3.18072  0.54175
3.17598  0.54074
3.17133  0.53974
3.16674  0.53875
3.16224  0.53777
3.15781  0.53681
3.15346  0.53586
3.14919  0.53493
3.14499  0.53400
3.14087  0.53310
3.13683  0.53220
3.13287  0.53132
3.12898  0.53046
3.12517  0.52961
3.12144  0.52877
3.11779  0.52795
3.11421  0.52714
3.11071  0.52635
3.10728  0.52557
3.10393  0.52480
3.10065  0.52406
3.09745  0.52332
3.09433  0.52261
3.09127  0.52190
3.08829  0.52121
3.08539  0.52054
3.08255  0.51988
3.07978  0.51924
3.07709  0.51861
3.07446  0.51800
3.07191  0.51740
3.06942  0.51681
3.06699  0.51624
3.06464  0.51569
3.06234  0.51515
3.06011  0.51462
3.05795  0.51411
3.05585  0.51361
3.05380  0.51312
3.05182  0.51265
3.04990  0.51219
3.04803  0.51174
3.04622  0.51131
3.04447  0.51089
3.04277  0.51048
3.04112  0.51008
3.03953  0.50970
3.03799  0.50933
3.03649  0.50897
3.03505  0.50862
3.03366  0.50828
3.03231  0.50795
3.03101  0.50764
3.02975  0.50733
3.02853  0.50703
3.02736  0.50675
3.02623  0.50647
3.02514  0.50621
3.02408  0.50595
3.02307  0.50570
3.02209  0.50546
3.02115  0.50523
3.02024  0.50501
3.01937  0.50479
3.01853  0.50459
3.01772  0.50439
3.01695  0.50420
3.01620  0.50402
3.01548  0.50384
3.01479  0.50367
3.01413  0.50351
3.01349  0.50335
3.01288  0.50320
3.01230  0.50305
3.01173  0.50291
3.01119  0.50278
3.01068  0.50265
3.01018  0.50253
3.00971  0.50241
3.00925  0.50230
3.00881  0.50219
3.00840  0.50209
3.00800  0.50199
3.00762  0.50189
3.00725  0.50180
3.00690  0.50172
3.00657  0.50163
3.00625  0.50155
3.00594  0.50148
3.00565  0.50141
3.00537  0.50134
3.00510  0.50127
3.00485  0.50121
3.00461  0.50115
3.00437  0.50109
3.00415  0.50104
3.00394  0.50098
3.00374  0.50093
3.00355  0.50089
3.00337  0.50084
3.00320  0.50080
3.00303  0.50076
3.00287  0.50072
3.00272  0.50068
3.00258  0.50064
3.00244  0.50061
3.00231  0.50058
3.00219  0.50055
